name: buyer
reserved_outcome: null
reserved_value: 0.0
stability: 2047
type: LinearAdditiveUtilityFunction
values:
- mapping:
    v1: 1.0
    v10: 0.9090909090909092
    v11: 0.3779270511933691
    v12: 0.33186558890083506
    v13: 0.0
    v2: 0.5426087055067084
    v3: 0.27304309767954493
    v4: 0.46851437952522956
    v5: 0.047643371015162576
    v6: 0.7591541041819116
    v7: 0.6204139868646011
    v8: 0.7428896846283848
    v9: 0.0
  type: TableFun
- mapping:
    v1: 0.45755090325235054
    v10: 0.6155503375743585
    v11: 0.43237809567313107
    v12: 0.0
    v13: 0.7099371670087424
    v2: 0.21618904783656553
    v3: 0.7793269348426453
    v4: 0.0
    v5: 0.8896634674213226
    v6: 0.7793269348426453
    v7: 0.43237809567313107
    v8: 0.589283390826154
    v9: 1.0
  type: TableFun
- mapping:
    v1: 0.0
    v2: 0.0
    v3: 0.611965636176119
    v4: 0.865294924666846
    v5: 0.611965636176119
    v6: 1.0
    v7: 0.611965636176119
    v8: 0.865294924666846
    v9: 0.49998954450949085
  type: TableFun
weights:
- 0.7022123517849521
- 0.19975302883676685
- 0.09803461937828103
