name: seller
reserved_outcome: null
reserved_value: 0.0
stability: 2047
type: LinearAdditiveUtilityFunction
values:
- mapping:
    v1: 0.0
    v10: 0.09090909090909083
    v11: 0.6220729488066309
    v12: 0.6681344110991649
    v13: 1.0
    v2: 0.45739129449329163
    v3: 0.7269569023204551
    v4: 0.5314856204747704
    v5: 0.9523566289848374
    v6: 0.24084589581808835
    v7: 0.37958601313539886
    v8: 0.2571103153716152
    v9: 1.0
  type: TableFun
- mapping:
    v1: 0.5706748970279492
    v10: 0.4230432616544083
    v11: 0.5941958847188904
    v12: 1.0
    v13: 0.33485002193227975
    v2: 0.7970979423594452
    v3: 0.2700135562356271
    v4: 1.0
    v5: 0.13500677811781356
    v6: 0.2700135562356271
    v7: 0.5941958847188904
    v8: 0.4475865919602877
    v9: 0.0
  type: TableFun
- mapping:
    v1: 1.0
    v2: 1.0
    v3: 0.44941818199210526
    v4: 0.24369384318717835
    v5: 0.44941818199210526
    v6: 0.0
    v7: 0.44941818199210526
    v8: 0.24369384318717835
    v9: 0.6749107057202662
  type: TableFun
weights:
- 0.7022123517849521
- 0.19975302883676685
- 0.09803461937828103
