name: buyer
reserved_outcome: null
reserved_value: 0.010707892820369276
stability: 2047
type: LinearAdditiveUtilityFunction
values:
- mapping:
    v1: 0.6170617879731426
    v10: 0.09076846354428977
    v11: 0.8085308939865713
    v12: 0.0
    v2: 0.0
    v3: 0.4764375760090068
    v4: 0.4764375760090068
    v5: 0.570187050651764
    v6: 0.5347625012875078
    v7: 0.3176250506726712
    v8: 0.6170617879731426
    v9: 1.0
  type: TableFun
- mapping:
    v1: 0.0
    v10: 0.2864021009049117
    v11: 0.42832427631978603
    v12: 0.21018879644248703
    v2: 0.7646010708536503
    v3: 0.4704746597982692
    v4: 0.4958125811878412
    v5: 0.9
    v6: 0.0
    v7: 0.6983734861876514
    v8: 1.0
    v9: 0.010207233497955256
  type: TableFun
- mapping:
    v1: 0.713318756057725
    v10: 0.8017685587861889
    v11: 0.17368396015242238
    v2: 0.07833726869285307
    v3: 0.3058178717024582
    v4: 0.47436214018868916
    v5: 0.5395034008573156
    v6: 0.45030395166067105
    v7: 0.13610039390483464
    v8: 0.22559265383191218
    v9: 0.5799909930374991
  type: TableFun
- mapping:
    v1: 0.0
    v2: 0.8571428571428571
    v3: 0.8140379742020374
    v4: 0.2810726590252542
    v5: 0.0
    v6: 0.20394548383327865
    v7: 0.3527746609683386
    v8: 0.6917937024933034
    v9: 1.0
  type: TableFun
weights:
- 0.32486238047639854
- 0.45848513985183625
- 0.14945495312421356
- 0.06719752654755153
