name: seller
reserved_outcome: null
reserved_value: 0.11787585531681409
stability: 2047
type: LinearAdditiveUtilityFunction
values:
- mapping:
    v1: 0.2437963307702016
    v10: 0.9208279728396106
    v11: 0.1218981653851008
    v12: 1.0
    v2: 1.0
    v3: 0.5844313406317633
    v4: 0.5844313406317633
    v5: 0.35734133405738877
    v6: 0.4431504671610984
    v7: 0.7229542270878422
    v8: 0.2437963307702016
    v9: 0.0
  type: TableFun
- mapping:
    v1: 1.0
    v10: 0.7135978990950883
    v11: 0.5716757236802139
    v12: 0.789811203557513
    v2: 0.23539892914634974
    v3: 0.5295253402017308
    v4: 0.5041874188121588
    v5: 0.09999999999999998
    v6: 1.0
    v7: 0.3016265138123486
    v8: 0.0
    v9: 0.9897927665020447
  type: TableFun
- mapping:
    v1: 0.8724726450702827
    v10: 0.79539588907445
    v11: 0.9995789618545813
    v2: 0.9999831796994225
    v3: 0.9958502539351668
    v4: 0.9755060953790949
    v5: 0.958783510147849
    v6: 0.9801555372255961
    v7: 0.9998429537700186
    v8: 0.9987876872986103
    v9: 0.9447704080647746
  type: TableFun
- mapping:
    v1: 1.0
    v2: 0.1428571428571429
    v3: 0.18596202579796262
    v4: 0.7189273409747459
    v5: 1.0
    v6: 0.7960545161667214
    v7: 0.6472253390316614
    v8: 0.3082062975066966
    v9: 0.0
  type: TableFun
weights:
- 0.32486238047639854
- 0.45848513985183625
- 0.14945495312421356
- 0.06719752654755153
