name: buyer
reserved_outcome: null
reserved_value: 0.04778594304392872
stability: 2047
type: LinearAdditiveUtilityFunction
values:
- mapping:
    v1: 0.0
    v2: 0.5572048279548604
    v3: 0.8524016093182868
    v4: 1.0
    v5: 0.5572048279548604
    v6: 0.652565355977805
    v7: 0.0
  type: TableFun
- mapping:
    v1: 0.9638540256144533
    v2: 0.5350448062526244
    v3: 0.5410782080373627
    v4: 0.4932969051713251
    v5: 0.5285126431917605
    v6: 0.905962220042823
    v7: 0.29266633549717713
    v8: 0.7848646186067467
    v9: 0.4457213360947081
  type: TableFun
- mapping:
    v1: 0.0
    v2: 0.2761952596683689
    v3: 1.0
    v4: 0.0
    v5: 0.42959777886628037
    v6: 0.75
  type: TableFun
weights:
- 0.16191561882316893
- 0.16669475483421042
- 0.6713896263426208
