name: seller
reserved_outcome: null
reserved_value: 0.09307369995555569
stability: 2047
type: LinearAdditiveUtilityFunction
values:
- mapping:
    v1: 1.0
    v2: 0.36723078120411484
    v3: 0.12241026040137162
    v4: 0.0
    v5: 0.36723078120411484
    v6: 0.2881438276581695
    v7: 1.0
  type: TableFun
- mapping:
    v1: 0.5643470908794854
    v2: 0.9518480652990802
    v3: 0.9497846225373981
    v4: 0.964470393313094
    v5: 0.9540112951573279
    v6: 0.6544768259367579
    v7: 0.9949632290058482
    v8: 0.7980262258507749
    v9: 0.9756905353119115
  type: TableFun
- mapping:
    v1: 1.0
    v2: 0.7238047403316311
    v3: 0.0
    v4: 1.0
    v5: 0.5704022211337196
    v6: 0.25
  type: TableFun
weights:
- 0.16191561882316893
- 0.16669475483421042
- 0.6713896263426208
